Number of error blocks for each UE in the uplink direction: [0  3  2  1]
Number of total blocks for each UE in the uplink direction: [19   28  153   39]
Number of error blocks for each UE in the downlink direction: [0  5  4  0]
Number of total blocks for each UE in the downlink direction: [103  104   78   27]
{
  "Time": "2024-04-24 10:04:08",
  "UESpeed": 20,
  "SCS": 60,
  "Bandwidth": "50",
  "visulalazation_data": {
    "uplink_delay_list": [
      [
        0.26402384440104165,
        0.26840006510416514,
        0.1944173177083338,
        0.23711751302083325,
        0.19441731770833343,
        0.19103370949074108,
        0.3065290178571431,
        0.268400065104167,
        0.12808547247023808,
        0.15732672275641002
      ],
      [
        1.5360514322916667,
        0.17087590144230796,
        0.10103759765624977,
        0.2770385742187498,
        0.3218610491071426,
        0.20208333333333342,
        0.24081735321969683,
        0.17636468349358955,
        0.22829996744791678,
        0.25028076171875024
      ],
      [
        1.464697265625,
        0.30657087053571375,
        0.625130208333333,
        0.21472005208333395,
        0.1554217303240738,
        0.39328962053571404,
        0.1706805889423075,
        0.2227864583333329,
        0.36755022321428577,
        0.3219147858796296
      ],
      [
        1.3933430989583333,
        0.5894531249999981,
        1.035677083333333,
        0.6428819444444447,
        0.5713541666666669,
        0.6904513888888887,
        0.6190972222222222,
        0.6666666666666673,
        0.8809027777777777,
        0.5857291666666666
      ]
    ],
    "downlink_delay_list": [
      [
        0.0,
        0.0,
        0.0,
        0.07716703869047602,
        0.07940104166666648,
        0.07227647569444344,
        0.0808349609375,
        0.0,
        0.0,
        0.0
      ],
      [
        0.0,
        0.0,
        0.09034830729166686,
        0.08803168402777838,
        0.10171983506944461,
        0.08982747395833297,
        0.07210286458333302,
        0.0840928819444435,
        0.0,
        0.0
      ],
      [
        0.0,
        0.07927604166666702,
        0.08613630022321435,
        0.08496685606060592,
        0.07922743055555553,
        0.0806175595238093,
        0.07262369791666635,
        0.08065234374999972,
        0.0,
        0.08344661458333318
      ],
      [
        0.0,
        0.12796223958333264,
        0.08637369791666624,
        0.08109537760416674,
        0.098486328125,
        0.08096516927083508,
        5.644124348958333,
        0.10188259548611102,
        0.0,
        0.07240048363095229
      ]
    ],
    "uplink_jitter_list": [
      -33.842355733775804,
      1.8347275995575245,
      1.8347275995575245,
      1.8347275995575245,
      -33.842355733775804,
      2.355560932890853,
      1.8347275995575245,
      1.8347275995575245,
      -33.842355733775804,
      1.8347275995575245,
      1.8347275995575245,
      -33.842355733775804,
      1.8347275995575245,
      1.8347275995575245,
      1.8347275995575245,
      -33.842355733775804,
      1.8347275995575245,
      1.8347275995575245,
      -33.842355733775804,
      -33.842355733775804,
      1.8347275995575245,
      1.8347275995575245,
      1.8347275995575245,
      -33.842355733775804,
      2.355560932890853,
      1.8347275995575245,
      1.8347275995575245,
      -33.842355733775804,
      1.8347275995575245,
      1.8347275995575245,
      -33.842355733775804,
      1.8347275995575245,
      1.8347275995575245,
      1.8347275995575245,
      -33.842355733775804,
      1.8347275995575245,
      1.8347275995575245,
      -33.842355733775804,
      1.948659891224196,
      73.82365989122421,
      73.30282655789087,
      73.30282655789087,
      1.948659891224196,
      73.30282655789087,
      73.30282655789087,
      1.948659891224196,
      73.82365989122421,
      73.30282655789087,
      1.948659891224196,
      73.82365989122421,
      73.30282655789087,
      73.30282655789087,
      1.948659891224196,
      73.82365989122421,
      73.30282655789087,
      1.948659891224196,
      -33.842355733775804,
      1.8347275995575245,
      1.8347275995575245,
      1.8347275995575245,
      -33.842355733775804,
      2.355560932890853,
      1.8347275995575245,
      1.8347275995575245,
      -33.842355733775804,
      1.8347275995575245,
      1.8347275995575245,
      -33.842355733775804,
      1.8347275995575245,
      1.8347275995575245,
      1.8347275995575245,
      -33.842355733775804,
      1.8347275995575245,
      1.8347275995575245,
      -33.842355733775804,
      -33.842355733775804,
      1.8347275995575245,
      1.8347275995575245,
      1.8347275995575245,
      -33.842355733775804,
      2.355560932890853,
      1.8347275995575245,
      1.8347275995575245,
      -33.842355733775804,
      1.8347275995575245,
      1.8347275995575245,
      -33.842355733775804,
      1.8347275995575245,
      1.8347275995575245,
      1.8347275995575245,
      -33.842355733775804,
      1.8347275995575245,
      1.8347275995575245,
      -33.842355733775804,
      -33.842355733775804,
      1.8347275995575245,
      1.8347275995575245,
      1.8347275995575245,
      -33.842355733775804,
      2.355560932890853,
      1.8347275995575245,
      1.8347275995575245,
      -33.842355733775804,
      1.8347275995575245,
      1.8347275995575245,
      -33.842355733775804,
      1.8347275995575245,
      1.8347275995575245,
      1.8347275995575245,
      -33.842355733775804,
      1.8347275995575245,
      1.8347275995575245,
      -33.842355733775804
    ],
    "downlink_jitter_list": [
      -35.56544534273078,
      0.6324713239358744,
      0.11163799060254576,
      0.11163799060254576,
      -35.56544534273078,
      0.11163799060254576,
      0.11163799060254576,
      0.11163799060254576,
      -35.56544534273078,
      0.6324713239358744,
      0.11163799060254576,
      0.11163799060254576,
      -35.56544534273078,
      0.11163799060254576,
      0.11163799060254576,
      0.6324713239358744,
      0.11163799060254576,
      -35.56544534273078,
      0.11163799060254576,
      0.11163799060254576,
      0.11163799060254576,
      -35.56544534273078,
      0.11163799060254576,
      0.11163799060254576,
      -35.56544534273078,
      0.11163799060254576,
      0.11163799060254576,
      0.11163799060254576,
      -35.56544534273078,
      0.11163799060254576,
      0.11163799060254576,
      0.11163799060254576,
      -35.56544534273078,
      0.11163799060254576,
      0.11163799060254576,
      0.11163799060254576,
      -35.56544534273078,
      0.6324713239358744,
      0.11163799060254576,
      0.11163799060254576,
      -35.56544534273078,
      0.11163799060254576,
      0.11163799060254576,
      -35.56544534273078,
      0.6324713239358744,
      0.11163799060254576,
      0.11163799060254576,
      -35.56544534273078,
      0.11163799060254576,
      0.11163799060254576,
      0.11163799060254576,
      -35.56544534273078,
      0.6324713239358744,
      0.11163799060254576,
      0.11163799060254576,
      -35.56544534273078,
      0.11163799060254576,
      0.11163799060254576,
      0.11163799060254576,
      -35.56544534273078,
      0.11163799060254576,
      0.11163799060254576,
      0.11163799060254576,
      -35.56544534273078,
      0.11163799060254576,
      0.11163799060254576,
      0.11163799060254576,
      -35.56544534273078,
      0.11163799060254576,
      0.11163799060254576,
      0.11163799060254576,
      -35.56544534273078,
      0.6324713239358744,
      0.11163799060254576,
      0.11163799060254576,
      -35.56544534273078,
      0.11163799060254576,
      0.11163799060254576,
      -35.56544534273078,
      0.11163799060254576,
      0.11163799060254576,
      0.11163799060254576,
      -35.56544534273078,
      0.11163799060254576,
      0.11163799060254576,
      0.11163799060254576,
      -35.56544534273078,
      0.11163799060254576,
      0.11163799060254576,
      0.11163799060254576,
      -35.56544534273078,
      0.11163799060254576,
      0.11163799060254576,
      0.11163799060254576,
      -35.56544534273078,
      0.11163799060254576,
      0.11163799060254576,
      0.11163799060254576,
      -35.56544534273078,
      0.11163799060254576,
      0.11163799060254576,
      0.11163799060254576,
      -35.56544534273078,
      -35.56544534273078,
      0.6324713239358744,
      0.11163799060254576,
      0.11163799060254576,
      -35.56544534273078,
      0.11163799060254576,
      0.11163799060254576,
      0.11163799060254576,
      -35.56544534273078,
      0.6324713239358744,
      0.11163799060254576,
      0.11163799060254576,
      -35.56544534273078,
      0.11163799060254576,
      0.11163799060254576,
      0.6324713239358744,
      0.11163799060254576,
      -35.56544534273078,
      0.11163799060254576,
      0.11163799060254576,
      0.11163799060254576,
      -35.56544534273078,
      0.11163799060254576,
      0.11163799060254576,
      -35.56544534273078,
      0.11163799060254576,
      0.11163799060254576,
      0.11163799060254576,
      -35.56544534273078,
      0.11163799060254576,
      0.11163799060254576,
      0.11163799060254576,
      -35.56544534273078,
      0.11163799060254576,
      0.11163799060254576,
      0.11163799060254576,
      -35.56544534273078,
      0.6324713239358744,
      0.11163799060254576,
      0.11163799060254576,
      -35.56544534273078,
      0.11163799060254576,
      0.11163799060254576,
      -35.56544534273078,
      0.6324713239358744,
      0.11163799060254576,
      0.11163799060254576,
      -35.56544534273078,
      0.11163799060254576,
      0.11163799060254576,
      0.11163799060254576,
      -35.56544534273078,
      0.6324713239358744,
      0.11163799060254576,
      0.11163799060254576,
      -35.56544534273078,
      0.11163799060254576,
      0.11163799060254576,
      0.11163799060254576,
      -35.56544534273078,
      0.11163799060254576,
      0.11163799060254576,
      0.11163799060254576,
      -35.56544534273078,
      0.11163799060254576,
      0.11163799060254576,
      0.11163799060254576,
      -35.56544534273078,
      0.11163799060254576,
      0.11163799060254576,
      0.11163799060254576,
      -35.56544534273078,
      0.6324713239358744,
      0.11163799060254576,
      0.11163799060254576,
      -35.56544534273078,
      0.11163799060254576,
      0.11163799060254576,
      -35.56544534273078,
      0.11163799060254576,
      0.11163799060254576,
      0.11163799060254576,
      -35.56544534273078,
      0.11163799060254576,
      0.11163799060254576,
      0.11163799060254576,
      -35.56544534273078,
      0.11163799060254576,
      0.11163799060254576,
      0.11163799060254576,
      -35.56544534273078,
      0.11163799060254576,
      0.11163799060254576,
      0.11163799060254576,
      -35.56544534273078,
      0.11163799060254576,
      0.11163799060254576,
      0.11163799060254576,
      -35.56544534273078,
      0.11163799060254576,
      0.11163799060254576,
      0.11163799060254576,
      -35.56544534273078,
      0.22557028226921716,
      72.10057028226923,
      71.57973694893589,
      71.57973694893589,
      0.22557028226921716,
      72.10057028226923,
      71.57973694893589,
      71.57973694893589,
      0.22557028226921716,
      72.10057028226923,
      71.57973694893589,
      71.57973694893589,
      72.10057028226923,
      71.57973694893589,
      0.22557028226921716,
      72.10057028226923,
      71.57973694893589,
      71.57973694893589,
      0.22557028226921716,
      72.10057028226923,
      71.57973694893589,
      71.57973694893589,
      0.22557028226921716,
      72.10057028226923,
      71.57973694893589,
      71.57973694893589,
      0.22557028226921716,
      72.10057028226923,
      71.57973694893589,
      71.57973694893589,
      0.22557028226921716,
      72.10057028226923,
      71.57973694893589,
      71.57973694893589,
      0.22557028226921716,
      71.57973694893589,
      71.57973694893589,
      0.22557028226921716,
      72.10057028226923,
      71.57973694893589,
      0.22557028226921716,
      72.10057028226923,
      71.57973694893589,
      71.57973694893589,
      0.22557028226921716,
      72.10057028226923,
      71.57973694893589,
      71.57973694893589,
      0.22557028226921716,
      72.10057028226923,
      71.57973694893589,
      71.57973694893589,
      0.22557028226921716,
      72.10057028226923,
      71.57973694893589,
      71.57973694893589,
      0.22557028226921716,
      72.10057028226923,
      71.57973694893589,
      71.57973694893589,
      0.22557028226921716,
      72.10057028226923,
      71.57973694893589,
      0.22557028226921716,
      71.57973694893589,
      71.57973694893589,
      0.22557028226921716,
      72.10057028226923,
      71.57973694893589,
      0.22557028226921716,
      72.10057028226923,
      71.57973694893589,
      71.57973694893589,
      72.10057028226923,
      71.57973694893589,
      71.57973694893589,
      0.22557028226921716,
      72.10057028226923,
      71.57973694893589,
      71.57973694893589,
      0.22557028226921716,
      72.10057028226923,
      71.57973694893589,
      71.57973694893589,
      0.22557028226921716,
      72.10057028226923,
      71.57973694893589,
      71.57973694893589,
      -35.56544534273078,
      0.6324713239358744,
      0.11163799060254576,
      0.11163799060254576,
      -35.56544534273078,
      0.11163799060254576,
      0.11163799060254576,
      0.11163799060254576,
      -35.56544534273078,
      0.6324713239358744,
      0.11163799060254576,
      0.11163799060254576,
      -35.56544534273078,
      0.11163799060254576,
      0.11163799060254576,
      0.6324713239358744,
      0.11163799060254576,
      -35.56544534273078,
      0.11163799060254576,
      0.11163799060254576,
      0.11163799060254576,
      -35.56544534273078,
      0.11163799060254576,
      0.11163799060254576,
      -35.56544534273078,
      0.11163799060254576,
      0.11163799060254576,
      0.11163799060254576,
      -35.56544534273078,
      0.11163799060254576,
      0.11163799060254576,
      0.11163799060254576,
      -35.56544534273078,
      0.11163799060254576,
      0.11163799060254576,
      0.11163799060254576,
      -35.56544534273078,
      0.6324713239358744,
      0.11163799060254576,
      0.11163799060254576,
      -35.56544534273078,
      0.11163799060254576,
      0.11163799060254576,
      -35.56544534273078,
      0.6324713239358744,
      0.11163799060254576,
      0.11163799060254576,
      -35.56544534273078,
      0.11163799060254576,
      0.11163799060254576,
      0.11163799060254576,
      -35.56544534273078,
      0.6324713239358744,
      0.11163799060254576,
      0.11163799060254576,
      -35.56544534273078,
      0.11163799060254576,
      0.11163799060254576,
      0.11163799060254576,
      -35.56544534273078,
      0.11163799060254576,
      0.11163799060254576,
      0.11163799060254576,
      -35.56544534273078,
      0.11163799060254576,
      0.11163799060254576,
      0.11163799060254576,
      -35.56544534273078,
      0.11163799060254576,
      0.11163799060254576,
      0.11163799060254576,
      -35.56544534273078,
      0.6324713239358744,
      0.11163799060254576,
      0.11163799060254576,
      -35.56544534273078,
      0.11163799060254576,
      0.11163799060254576,
      -35.56544534273078,
      0.11163799060254576,
      0.11163799060254576,
      0.11163799060254576,
      -35.56544534273078,
      0.11163799060254576,
      0.11163799060254576,
      0.11163799060254576,
      -35.56544534273078,
      0.11163799060254576,
      0.11163799060254576,
      0.11163799060254576,
      -35.56544534273078,
      0.11163799060254576,
      0.11163799060254576,
      0.11163799060254576,
      -35.56544534273078,
      0.11163799060254576,
      0.11163799060254576,
      0.11163799060254576,
      -35.56544534273078,
      0.11163799060254576,
      0.11163799060254576,
      0.11163799060254576,
      -35.56544534273078,
      -35.56544534273078,
      0.6324713239358744,
      0.11163799060254576,
      0.11163799060254576,
      -35.56544534273078,
      0.11163799060254576,
      0.11163799060254576,
      0.11163799060254576,
      -35.56544534273078,
      0.6324713239358744,
      0.11163799060254576,
      0.11163799060254576,
      -35.56544534273078,
      0.11163799060254576,
      0.11163799060254576,
      0.6324713239358744,
      0.11163799060254576,
      -35.56544534273078,
      0.11163799060254576,
      0.11163799060254576,
      0.11163799060254576,
      -35.56544534273078,
      0.11163799060254576,
      0.11163799060254576,
      -35.56544534273078,
      0.11163799060254576,
      0.11163799060254576,
      0.11163799060254576,
      -35.56544534273078,
      0.11163799060254576,
      0.11163799060254576,
      0.11163799060254576,
      -35.56544534273078,
      0.11163799060254576,
      0.11163799060254576,
      0.11163799060254576,
      -35.56544534273078,
      0.6324713239358744,
      0.11163799060254576,
      0.11163799060254576,
      -35.56544534273078,
      0.11163799060254576,
      0.11163799060254576,
      -35.56544534273078,
      0.6324713239358744,
      0.11163799060254576,
      0.11163799060254576,
      -35.56544534273078,
      0.11163799060254576,
      0.11163799060254576,
      0.11163799060254576,
      -35.56544534273078,
      0.6324713239358744,
      0.11163799060254576,
      0.11163799060254576,
      -35.56544534273078,
      0.11163799060254576,
      0.11163799060254576,
      0.11163799060254576,
      -35.56544534273078,
      0.11163799060254576,
      0.11163799060254576,
      0.11163799060254576,
      -35.56544534273078,
      0.11163799060254576,
      0.11163799060254576,
      0.11163799060254576,
      -35.56544534273078,
      0.11163799060254576,
      0.11163799060254576,
      0.11163799060254576,
      -35.56544534273078,
      0.6324713239358744,
      0.11163799060254576,
      0.11163799060254576,
      -35.56544534273078,
      0.11163799060254576,
      0.11163799060254576,
      -35.56544534273078,
      0.11163799060254576,
      0.11163799060254576,
      0.11163799060254576,
      -35.56544534273078,
      0.11163799060254576,
      0.11163799060254576,
      0.11163799060254576,
      -35.56544534273078,
      0.11163799060254576,
      0.11163799060254576,
      0.11163799060254576,
      -35.56544534273078,
      0.11163799060254576,
      0.11163799060254576,
      0.11163799060254576,
      -35.56544534273078,
      0.11163799060254576,
      0.11163799060254576,
      0.11163799060254576,
      -35.56544534273078,
      0.11163799060254576,
      0.11163799060254576,
      0.11163799060254576,
      -35.56544534273078,
      -35.56544534273078,
      0.6324713239358744,
      0.11163799060254576,
      0.11163799060254576,
      -35.56544534273078,
      0.11163799060254576,
      0.11163799060254576,
      0.11163799060254576,
      -35.56544534273078,
      0.6324713239358744,
      0.11163799060254576,
      0.11163799060254576,
      -35.56544534273078,
      0.11163799060254576,
      0.11163799060254576,
      0.6324713239358744,
      0.11163799060254576,
      -35.56544534273078,
      0.11163799060254576,
      0.11163799060254576,
      0.11163799060254576,
      -35.56544534273078,
      0.11163799060254576,
      0.11163799060254576,
      -35.56544534273078,
      0.11163799060254576,
      0.11163799060254576,
      0.11163799060254576,
      -35.56544534273078,
      0.11163799060254576,
      0.11163799060254576,
      0.11163799060254576,
      -35.56544534273078,
      0.11163799060254576,
      0.11163799060254576,
      0.11163799060254576,
      -35.56544534273078,
      0.6324713239358744,
      0.11163799060254576,
      0.11163799060254576,
      -35.56544534273078,
      0.11163799060254576,
      0.11163799060254576,
      -35.56544534273078,
      0.6324713239358744,
      0.11163799060254576,
      0.11163799060254576,
      -35.56544534273078,
      0.11163799060254576,
      0.11163799060254576,
      0.11163799060254576,
      -35.56544534273078,
      0.6324713239358744,
      0.11163799060254576,
      0.11163799060254576,
      -35.56544534273078,
      0.11163799060254576,
      0.11163799060254576,
      0.11163799060254576,
      -35.56544534273078,
      0.11163799060254576,
      0.11163799060254576,
      0.11163799060254576,
      -35.56544534273078,
      0.11163799060254576,
      0.11163799060254576,
      0.11163799060254576,
      -35.56544534273078,
      0.11163799060254576,
      0.11163799060254576,
      0.11163799060254576,
      -35.56544534273078,
      0.6324713239358744,
      0.11163799060254576,
      0.11163799060254576,
      -35.56544534273078,
      0.11163799060254576,
      0.11163799060254576,
      -35.56544534273078,
      0.11163799060254576,
      0.11163799060254576,
      0.11163799060254576,
      -35.56544534273078,
      0.11163799060254576,
      0.11163799060254576,
      0.11163799060254576,
      -35.56544534273078,
      0.11163799060254576,
      0.11163799060254576,
      0.11163799060254576,
      -35.56544534273078,
      0.11163799060254576,
      0.11163799060254576,
      0.11163799060254576,
      -35.56544534273078,
      0.11163799060254576,
      0.11163799060254576,
      0.11163799060254576,
      -35.56544534273078,
      0.11163799060254576,
      0.11163799060254576,
      0.11163799060254576,
      -35.56544534273078
    ],
    "uplink_bler_list": [
      [
        0.0,
        0.0,
        0.0,
        0,
        0,
        0.0,
        0.0,
        0,
        0,
        0.0
      ],
      [
        0.0,
        0.0,
        0.1111111111111111,
        0,
        0,
        0.2727272727272727,
        0.08333333333333333,
        0,
        0,
        0.0
      ],
      [
        0.2222222222222222,
        0.2222222222222222,
        0.0,
        0,
        0,
        0.0,
        0.0,
        0,
        0,
        0.0
      ],
      [
        0.0,
        0.0,
        0.0,
        0,
        0,
        0.0,
        0.0,
        0,
        0,
        0.0
      ]
    ],
    "downlink_bler_list": [
      [
        0.0,
        0.0,
        0.0,
        0,
        0,
        0.0,
        0.0,
        0,
        0,
        0.0
      ],
      [
        0.0,
        0.0,
        0.0,
        0,
        0,
        0.18181818181818182,
        0.0,
        0,
        0,
        0.14285714285714285
      ],
      [
        0.0,
        0.038461538461538464,
        0.0,
        0,
        0,
        0.0,
        0.0,
        0,
        0,
        0.0625
      ],
      [
        0.0,
        0.125,
        0.0,
        0,
        0,
        0.0,
        0.0,
        0,
        0,
        0.0
      ]
    ],
    "uplink_throughout_list": [
      [
        36.72,
        17.656,
        17.82,
        31.408,
        48.4,
        26.248,
        26.248,
        36.156,
        26.248,
        26.248
      ],
      [
        25.412,
        34.0,
        2.688,
        30.028,
        19.132,
        39.372,
        24.548,
        24.9,
        27.492,
        34.284
      ],
      [
        20.344,
        39.564,
        2.688,
        21.48,
        4.176,
        19.844,
        21.512,
        20.248,
        14.452,
        12.476
      ],
      [
        2.068,
        3.704,
        2.688,
        1.66,
        2.04,
        4.208,
        4.208,
        5.028,
        1.82,
        4.964
      ],
      [
        84.544,
        94.92399999999999,
        25.883999999999997,
        84.576,
        73.748,
        89.672,
        76.51599999999999,
        86.33200000000001,
        70.012,
        77.972
      ],
      [
        328.48199999999997,
        328.48199999999997,
        328.48199999999997,
        328.48199999999997,
        328.48199999999997,
        328.48199999999997,
        328.48199999999997,
        328.48199999999997,
        328.48199999999997,
        328.48199999999997
      ]
    ],
    "downlink_throughout_list": [
      [
        10.676,
        11.752,
        0.0,
        0.0,
        0.0,
        0.0,
        28.348,
        0.0,
        0.0,
        11.676
      ],
      [
        28.348,
        4.996,
        0.0,
        0.0,
        3.012,
        0.0,
        20.604,
        0.0,
        5.236,
        16.948
      ],
      [
        49.496,
        4.996,
        0.0,
        68.384,
        72.644,
        73.104,
        26.724,
        0.0,
        42.296,
        51.332
      ],
      [
        7.268,
        2.016,
        0.0,
        3.344,
        3.996,
        12.5,
        4.848,
        0.0,
        4.86,
        6.34
      ],
      [
        95.78800000000001,
        23.759999999999998,
        0.0,
        71.728,
        79.652,
        85.604,
        80.524,
        0.0,
        52.391999999999996,
        86.296
      ],
      [
        328.48199999999997,
        328.48199999999997,
        328.48199999999997,
        328.48199999999997,
        328.48199999999997,
        328.48199999999997,
        328.48199999999997,
        328.48199999999997,
        328.48199999999997,
        328.48199999999997
      ]
    ],
    "uplink_resourceshare_list": [
      [
        25.0,
        46.875,
        46.875,
        21.875,
        32.859848484848484,
        75.0,
        25.0,
        25.0,
        25.0,
        40.625
      ],
      [
        46.875,
        43.371212121212125,
        21.875,
        31.155303030303028,
        30.87121212121212,
        8.333333333333332,
        34.375,
        37.5,
        38.35227272727273,
        24.90530303030303
      ],
      [
        19.981060606060606,
        4.640151515151516,
        25.0,
        37.59469696969697,
        27.367424242424242,
        8.333333333333332,
        31.25,
        28.125,
        28.125,
        26.704545454545453
      ],
      [
        8.143939393939394,
        5.113636363636364,
        6.25,
        9.375,
        8.901515151515152,
        8.333333333333332,
        9.375,
        9.375,
        8.522727272727272,
        7.765151515151516
      ]
    ],
    "downlink_resourceshare_list": [
      [
        9.375,
        0.0,
        12.5,
        62.5,
        0.0,
        0.0,
        21.875,
        0.0,
        0.0,
        0.0
      ],
      [
        15.625,
        3.882575757575758,
        21.875,
        12.5,
        0.0,
        0.0,
        32.48106060606061,
        0.0,
        6.25,
        0.0
      ],
      [
        62.5,
        82.00757575757575,
        53.125,
        12.5,
        78.125,
        0.0,
        33.14393939393939,
        76.89393939393939,
        78.125,
        0.0
      ],
      [
        12.5,
        14.109848484848486,
        12.5,
        12.5,
        21.875,
        0.0,
        12.5,
        23.106060606060606,
        15.625,
        0.0
      ]
    ],
    "uplink_goodput_list": [
      [
        36.156,
        48.4,
        26.248,
        26.248,
        31.408,
        26.248,
        17.82,
        36.72,
        26.248,
        17.656
      ],
      [
        24.9,
        13.38,
        34.284,
        20.708,
        25.932,
        39.372,
        2.688,
        25.412,
        27.492,
        33.1
      ],
      [
        20.248,
        4.176,
        12.476,
        21.512,
        21.48,
        19.844,
        2.688,
        20.344,
        14.452,
        33.74
      ],
      [
        5.028,
        2.04,
        4.964,
        4.208,
        1.66,
        4.208,
        2.688,
        2.068,
        1.82,
        3.704
      ],
      [
        86.33200000000001,
        67.99600000000001,
        77.972,
        72.676,
        80.48,
        89.672,
        25.883999999999997,
        84.544,
        70.012,
        88.2
      ],
      [
        328.48199999999997,
        328.48199999999997,
        328.48199999999997,
        328.48199999999997,
        328.48199999999997,
        328.48199999999997,
        328.48199999999997,
        328.48199999999997,
        328.48199999999997,
        328.48199999999997
      ]
    ],
    "downlink_goodput_list": [
      [
        0.0,
        0.0,
        11.676,
        28.348,
        0.0,
        0.0,
        0.0,
        10.676,
        0.0,
        11.752
      ],
      [
        0.0,
        0.0,
        16.948,
        20.604,
        0.0,
        0.0,
        0.0,
        23.352,
        5.236,
        4.996
      ],
      [
        0.0,
        72.644,
        51.332,
        26.724,
        68.384,
        68.876,
        0.0,
        44.5,
        42.296,
        4.996
      ],
      [
        0.0,
        3.996,
        6.34,
        4.848,
        3.344,
        12.5,
        0.0,
        7.268,
        4.86,
        2.016
      ],
      [
        0.0,
        76.64,
        86.296,
        80.524,
        71.728,
        81.376,
        0.0,
        85.79599999999999,
        52.391999999999996,
        23.759999999999998
      ],
      [
        328.48199999999997,
        328.48199999999997,
        328.48199999999997,
        328.48199999999997,
        328.48199999999997,
        328.48199999999997,
        328.48199999999997,
        328.48199999999997,
        328.48199999999997,
        328.48199999999997
      ]
    ],
    "uplink_bufferstatus_list": [
      [
        0.0,
        0.0,
        0.0,
        0.0,
        0.0,
        0.0,
        0.0,
        0.0,
        2.692,
        0.0
      ],
      [
        0.0,
        0.0,
        0.045,
        0.0,
        0.971,
        0.448,
        0.0,
        0.39,
        1.447,
        0.0
      ],
      [
        26.293,
        54.389,
        49.627,
        58.951,
        47.306,
        48.621,
        54.161,
        28.211,
        23.626,
        25.614
      ],
      [
        7.104,
        29.577,
        22.289,
        38.147,
        23.32,
        30.797,
        37.116,
        14.7,
        8.34,
        15.203
      ]
    ],
    "downlink_bufferstatus_list": [
      [
        4.578,
        0.0,
        1.374,
        1.374,
        3.752,
        1.374,
        4.578,
        0.548,
        4.578,
        1.71
      ],
      [
        4.678,
        0.474,
        0.0,
        2.948,
        4.678,
        4.678,
        3.702,
        1.962,
        3.17,
        3.435
      ],
      [
        23.762,
        20.352,
        27.123,
        17.527,
        26.166,
        16.666,
        7.982,
        35.427,
        16.258,
        30.042
      ],
      [
        9.004,
        29.239,
        22.756,
        37.07,
        23.94,
        30.796,
        34.01,
        15.723,
        9.004,
        17.512
      ]
    ]
  }
}